1111100000000000000000000000000000001111
1000000000000000000000000000000000000001
1111111111111111111111111100000000000001
0000111100000000000100000100000000000000
0001100000000000000111011100000000000000
0001100000000000000100000000000000000000
0001111111111111111100000000000000000000
0001100000000000000000000000000000000000
0000100000000000000000000000000000000000
0000100000000000000000000000000000000000
0000100000000000000000000000000000000000
0000111100000000000000000000000000000000
0000011100000000000000000000000000000000
0000011111111100000000000000000000000000
0000000011111100000000000000000000000000
0000000011111111111100000000000000000000
0000000000000011111100000000000000000000
0000000000001110001100000000000000000000
0000000000001111111100000000000000000000
0000000000000001110010000000000000000000
0000000000000011000000000000000000000000
0000000000000111000000000000000000000000
0000000000000110000000000000000000000111
0000000000000110000000000000000000000000
0000000000000110000000000000000000000000
0000000000000110000000000000000000000000
0000000000000100000000000000000000000000
0000000000000100000000000000000000000000
0000000000000100000000000000000000000000
0000000000001100000000000000000000000000
0000000000011100000000000000000000000000
0000000000000100000000000000000000000000
0000000000001100000000000000000000000000
0000000000111000000000000000000000000000
0000000000001111100000000000000000000000
0000000000000111000000000000000000000000
0000000000011100000000000000000000000000
0000000000011100000000000000000000000000
0000000000000111000000000000000000000000
0000000000000110000000000000000000000000
0000000000000111000000000000000000000000
0000000000001100000000000000000000000000
0000000000111000000000000000000000000000
0000000001111000000000000000000000000000
0000000001111000000000000000000000000000
0000000001100000000000000000000000000111
0000000000110000000000000000000000000000
0000000001110000000000000000000000000000
0000000001110000000000000000000100000000
0000000000011111000000000000000100000000
0000000000000110000000000000000100000000
0000000000111100000000000000000100000000
0000000001100111111000000000000100000000
0000000000000111000000000000000100000000
0000000000000111111111111111111111100000
0000000000000010000000000000000000000000
0000000000000010000000000000000000000000
0000000000000011000000000010011110000000
0000000000000011000000000010010000000000
0011111111111111000000000011111111000000
0000000000000000000000000000010001000000
0000000000000000000000000001110001000000
0000000000000000000000000000000000000000
0000000000000000000000000000000000000000
0000000000000000000000000000000000000000
0000000000000000000000000000000000000000
0000000000000000000000000000000000000000
0000000000000000000000000000000000000000
0000000000000000000000000000000000000000
0000000000000000000000000000000000000000
0000000000000000000000000000000000000000
0000000000000000000000000000000000000000
0000000000000000000000000000000000000000
0000000000000000000000000000000000000000
0000000000000000000000000000000000000000
0000000000000000000000000000000000000000
0000000000000000000000000000000000000000
0000000000000000000000000000000000000000
0000000000000000000000000000000000000000
0000000000000000000000000000000000000000
